+---------------+--------------+-------------+--------------+--------------+---------------+--------------+-----------------+----------------+-----------------+
|   Noise Level |   Entropy PU |   Margin PU |   Dropout PU |   Dropout AU |   Variance AU |   Dropout MU |   CV Entropy PU |   CV Margin PU |   CV Dropout PU |
+===============+==============+=============+==============+==============+===============+==============+=================+================+=================+
|          0.00 |      1.00052 |     0.53898 |      1.17504 |      1.02781 |       0.00000 |      0.14723 |        40.40516 |       50.34470 |        26.77247 |
+---------------+--------------+-------------+--------------+--------------+---------------+--------------+-----------------+----------------+-----------------+
|          0.10 |      1.08886 |     0.49459 |      1.24057 |      1.09508 |       0.02878 |      0.14549 |        35.50292 |       53.61480 |        24.21185 |
+---------------+--------------+-------------+--------------+--------------+---------------+--------------+-----------------+----------------+-----------------+
|          0.20 |      1.15526 |     0.45835 |      1.29375 |      1.14707 |       0.03680 |      0.14667 |        31.66933 |       56.46087 |        21.48774 |
+---------------+--------------+-------------+--------------+--------------+---------------+--------------+-----------------+----------------+-----------------+
|          0.30 |      1.22747 |     0.40924 |      1.34759 |      1.20358 |       0.02802 |      0.14401 |        28.90858 |       62.26394 |        19.99107 |
+---------------+--------------+-------------+--------------+--------------+---------------+--------------+-----------------+----------------+-----------------+
|          0.40 |      1.39498 |     0.32229 |      1.47970 |      1.33586 |       0.01341 |      0.14384 |        22.98713 |       72.71262 |        15.98263 |
+---------------+--------------+-------------+--------------+--------------+---------------+--------------+-----------------+----------------+-----------------+
|          0.50 |      1.46585 |     0.28113 |      1.53008 |      1.39616 |       0.01240 |      0.13393 |        19.89075 |       78.95776 |        14.23358 |
+---------------+--------------+-------------+--------------+--------------+---------------+--------------+-----------------+----------------+-----------------+
|          0.60 |      1.49842 |     0.25315 |      1.55313 |      1.42121 |       0.01853 |      0.13192 |        16.88944 |       80.67623 |        12.28784 |
+---------------+--------------+-------------+--------------+--------------+---------------+--------------+-----------------+----------------+-----------------+
|          0.70 |      1.52649 |     0.23490 |      1.57963 |      1.44337 |       0.01150 |      0.13626 |        18.79963 |       93.62029 |        13.51900 |
+---------------+--------------+-------------+--------------+--------------+---------------+--------------+-----------------+----------------+-----------------+
|          0.80 |      1.71833 |     0.07464 |      1.72713 |      1.60326 |       0.01094 |      0.12387 |         4.67669 |      105.99371 |         3.68423 |
+---------------+--------------+-------------+--------------+--------------+---------------+--------------+-----------------+----------------+-----------------+
|          0.90 |      1.72821 |     0.06880 |      1.73526 |      1.61303 |       0.01116 |      0.12223 |         3.40849 |      101.02557 |         2.81382 |
+---------------+--------------+-------------+--------------+--------------+---------------+--------------+-----------------+----------------+-----------------+
|          1.00 |      1.74876 |     0.04760 |      1.75260 |      1.63531 |       0.01119 |      0.11728 |         2.77322 |      110.80344 |         2.21078 |
+---------------+--------------+-------------+--------------+--------------+---------------+--------------+-----------------+----------------+-----------------+