+---------------+---------+---------+---------+
|   Noisy Level |      PU |      AU |    M PU |
+===============+=========+=========+=========+
|       0.05000 | 0.56101 | 0.56444 | 0.04991 |
+---------------+---------+---------+---------+
|       0.10000 | 0.56562 | 0.56838 | 0.05125 |
+---------------+---------+---------+---------+
|       0.15000 | 0.56058 | 0.57420 | 0.04751 |
+---------------+---------+---------+---------+
|       0.20000 | 0.56953 | 0.57732 | 0.05253 |
+---------------+---------+---------+---------+
|       0.25000 | 0.57756 | 0.58202 | 0.05107 |
+---------------+---------+---------+---------+
|       0.30000 | 0.58000 | 0.59125 | 0.05576 |
+---------------+---------+---------+---------+
|       0.35000 | 0.58769 | 0.59485 | 0.05380 |
+---------------+---------+---------+---------+
|       0.40000 | 0.57702 | 0.60470 | 0.04328 |
+---------------+---------+---------+---------+
|       0.45000 | 0.60028 | 0.61110 | 0.05198 |
+---------------+---------+---------+---------+
|       0.50000 | 0.57862 | 0.61918 | 0.04332 |
+---------------+---------+---------+---------+
|       0.55000 | 0.59019 | 0.62857 | 0.03845 |
+---------------+---------+---------+---------+
|       0.60000 | 0.59224 | 0.64093 | 0.04689 |
+---------------+---------+---------+---------+
|       0.65000 | 0.59111 | 0.65734 | 0.04405 |
+---------------+---------+---------+---------+
|       0.70000 | 0.60763 | 0.67612 | 0.04863 |
+---------------+---------+---------+---------+
|       0.75000 | 0.59564 | 0.70148 | 0.05794 |
+---------------+---------+---------+---------+
|       0.80000 | 0.60021 | 0.73433 | 0.05975 |
+---------------+---------+---------+---------+
|       0.85000 | 0.56634 | 0.78788 | 0.05862 |
+---------------+---------+---------+---------+
|       0.90000 | 0.58210 | 0.87277 | 0.03768 |
+---------------+---------+---------+---------+
|       0.95000 | 0.58301 | 1.04124 | 0.05248 |
+---------------+---------+---------+---------+
|       1.00000 | 0.57655 | 2.00637 | 0.04539 |
+---------------+---------+---------+---------+