+---------------+---------+---------+---------+
|   Noisy Level |      PU |      AU |    M PU |
+===============+=========+=========+=========+
|       0.05000 | 0.85187 | 0.83761 | 0.05552 |
+---------------+---------+---------+---------+
|       0.10000 | 0.86991 | 0.84204 | 0.05965 |
+---------------+---------+---------+---------+
|       0.15000 | 0.88151 | 0.84456 | 0.06197 |
+---------------+---------+---------+---------+
|       0.20000 | 0.88341 | 0.84923 | 0.06480 |
+---------------+---------+---------+---------+
|       0.25000 | 0.85171 | 0.85234 | 0.06247 |
+---------------+---------+---------+---------+
|       0.30000 | 0.86406 | 0.85757 | 0.07087 |
+---------------+---------+---------+---------+
|       0.35000 | 0.79628 | 0.86088 | 0.05669 |
+---------------+---------+---------+---------+
|       0.40000 | 0.75250 | 0.86649 | 0.06155 |
+---------------+---------+---------+---------+
|       0.45000 | 0.71122 | 0.87399 | 0.05924 |
+---------------+---------+---------+---------+
|       0.50000 | 0.68454 | 0.87886 | 0.07124 |
+---------------+---------+---------+---------+
|       0.55000 | 0.64482 | 0.88504 | 0.06087 |
+---------------+---------+---------+---------+
|       0.60000 | 0.62231 | 0.89062 | 0.06227 |
+---------------+---------+---------+---------+
|       0.65000 | 0.58987 | 0.89908 | 0.06362 |
+---------------+---------+---------+---------+
|       0.70000 | 0.56033 | 0.90531 | 0.07973 |
+---------------+---------+---------+---------+
|       0.75000 | 0.54069 | 0.92566 | 0.06210 |
+---------------+---------+---------+---------+
|       0.80000 | 0.50244 | 0.93985 | 0.06456 |
+---------------+---------+---------+---------+
|       0.85000 | 0.50742 | 0.97404 | 0.08201 |
+---------------+---------+---------+---------+
|       0.90000 | 0.48300 | 1.04058 | 0.07662 |
+---------------+---------+---------+---------+
|       0.95000 | 0.46938 | 1.15607 | 0.06771 |
+---------------+---------+---------+---------+
|       1.00000 | 0.42241 | 1.84121 | 0.08761 |
+---------------+---------+---------+---------+