+---------------+---------+---------+---------+
|   Noisy Level |      PU |      AU |    M PU |
+===============+=========+=========+=========+
|       0.05000 | 0.54608 | 0.54619 | 0.03446 |
+---------------+---------+---------+---------+
|       0.10000 | 0.54378 | 0.55198 | 0.03643 |
+---------------+---------+---------+---------+
|       0.15000 | 0.54994 | 0.55719 | 0.03683 |
+---------------+---------+---------+---------+
|       0.20000 | 0.56261 | 0.56245 | 0.03475 |
+---------------+---------+---------+---------+
|       0.25000 | 0.56203 | 0.56773 | 0.03421 |
+---------------+---------+---------+---------+
|       0.30000 | 0.56364 | 0.57692 | 0.03195 |
+---------------+---------+---------+---------+
|       0.35000 | 0.55378 | 0.58299 | 0.04315 |
+---------------+---------+---------+---------+
|       0.40000 | 0.59503 | 0.58867 | 0.03186 |
+---------------+---------+---------+---------+
|       0.45000 | 0.58303 | 0.59909 | 0.02261 |
+---------------+---------+---------+---------+
|       0.50000 | 0.59111 | 0.60982 | 0.02540 |
+---------------+---------+---------+---------+
|       0.55000 | 0.58616 | 0.62211 | 0.01979 |
+---------------+---------+---------+---------+
|       0.60000 | 0.58639 | 0.63384 | 0.01690 |
+---------------+---------+---------+---------+
|       0.65000 | 0.56834 | 0.64810 | 0.01535 |
+---------------+---------+---------+---------+
|       0.70000 | 0.58081 | 0.66837 | 0.00775 |
+---------------+---------+---------+---------+
|       0.75000 | 0.57607 | 0.69412 | 0.02217 |
+---------------+---------+---------+---------+
|       0.80000 | 0.57693 | 0.73511 | 0.00848 |
+---------------+---------+---------+---------+
|       0.85000 | 0.56639 | 0.78873 | 0.00714 |
+---------------+---------+---------+---------+
|       0.90000 | 0.52534 | 0.88156 | 0.00827 |
+---------------+---------+---------+---------+
|       0.95000 | 0.52121 | 1.03610 | 0.00227 |
+---------------+---------+---------+---------+
|       1.00000 | 0.52419 | 1.95456 | 0.00743 |
+---------------+---------+---------+---------+