+---------------+---------+---------+---------+
|   Noisy Level |      PU |      AU |    M PU |
+===============+=========+=========+=========+
|       0.05000 | 0.45563 | 0.45955 | 0.07896 |
+---------------+---------+---------+---------+
|       0.10000 | 0.45549 | 0.46425 | 0.07988 |
+---------------+---------+---------+---------+
|       0.15000 | 0.45854 | 0.47067 | 0.07807 |
+---------------+---------+---------+---------+
|       0.20000 | 0.45610 | 0.47704 | 0.08233 |
+---------------+---------+---------+---------+
|       0.25000 | 0.47272 | 0.48218 | 0.07844 |
+---------------+---------+---------+---------+
|       0.30000 | 0.46248 | 0.49124 | 0.08299 |
+---------------+---------+---------+---------+
|       0.35000 | 0.46507 | 0.49747 | 0.07570 |
+---------------+---------+---------+---------+
|       0.40000 | 0.47264 | 0.50920 | 0.08389 |
+---------------+---------+---------+---------+
|       0.45000 | 0.47491 | 0.51919 | 0.08509 |
+---------------+---------+---------+---------+
|       0.50000 | 0.47890 | 0.53163 | 0.08985 |
+---------------+---------+---------+---------+
|       0.55000 | 0.47649 | 0.54661 | 0.06855 |
+---------------+---------+---------+---------+
|       0.60000 | 0.47047 | 0.55876 | 0.07898 |
+---------------+---------+---------+---------+
|       0.65000 | 0.48531 | 0.58005 | 0.08679 |
+---------------+---------+---------+---------+
|       0.70000 | 0.49774 | 0.60446 | 0.09127 |
+---------------+---------+---------+---------+
|       0.75000 | 0.47814 | 0.63728 | 0.08857 |
+---------------+---------+---------+---------+
|       0.80000 | 0.48875 | 0.68059 | 0.09007 |
+---------------+---------+---------+---------+
|       0.85000 | 0.48862 | 0.74515 | 0.07575 |
+---------------+---------+---------+---------+
|       0.90000 | 0.49889 | 0.84518 | 0.08970 |
+---------------+---------+---------+---------+
|       0.95000 | 0.47598 | 1.03268 | 0.08867 |
+---------------+---------+---------+---------+
|       1.00000 | 0.48885 | 2.01162 | 0.09758 |
+---------------+---------+---------+---------+