+---------------+---------+---------+---------+
|   Noisy Level |      PU |      AU |    M PU |
+===============+=========+=========+=========+
|       0.05000 | 0.49825 | 0.50150 | 0.04432 |
+---------------+---------+---------+---------+
|       0.10000 | 0.49816 | 0.50504 | 0.04349 |
+---------------+---------+---------+---------+
|       0.15000 | 0.51484 | 0.50908 | 0.04506 |
+---------------+---------+---------+---------+
|       0.20000 | 0.50509 | 0.51354 | 0.04251 |
+---------------+---------+---------+---------+
|       0.25000 | 0.52106 | 0.51940 | 0.04724 |
+---------------+---------+---------+---------+
|       0.30000 | 0.50735 | 0.52317 | 0.04258 |
+---------------+---------+---------+---------+
|       0.35000 | 0.51616 | 0.52824 | 0.04286 |
+---------------+---------+---------+---------+
|       0.40000 | 0.51999 | 0.53730 | 0.04129 |
+---------------+---------+---------+---------+
|       0.45000 | 0.51679 | 0.54644 | 0.03797 |
+---------------+---------+---------+---------+
|       0.50000 | 0.52050 | 0.55672 | 0.04197 |
+---------------+---------+---------+---------+
|       0.55000 | 0.55597 | 0.56301 | 0.03275 |
+---------------+---------+---------+---------+
|       0.60000 | 0.53588 | 0.57661 | 0.03102 |
+---------------+---------+---------+---------+
|       0.65000 | 0.55688 | 0.59139 | 0.01669 |
+---------------+---------+---------+---------+
|       0.70000 | 0.50975 | 0.61084 | 0.04279 |
+---------------+---------+---------+---------+
|       0.75000 | 0.53144 | 0.63632 | 0.02278 |
+---------------+---------+---------+---------+
|       0.80000 | 0.54266 | 0.67481 | 0.03218 |
+---------------+---------+---------+---------+
|       0.85000 | 0.52792 | 0.73091 | 0.03259 |
+---------------+---------+---------+---------+
|       0.90000 | 0.53584 | 0.81286 | 0.02129 |
+---------------+---------+---------+---------+
|       0.95000 | 0.53085 | 0.96292 | 0.01398 |
+---------------+---------+---------+---------+
|       1.00000 | 0.52112 | 1.88914 | 0.01051 |
+---------------+---------+---------+---------+