+---------------+---------+---------+---------+
|   Noisy Level |      PU |      AU |    M PU |
+===============+=========+=========+=========+
|       0.05000 | 0.64833 | 0.65059 | 0.05922 |
+---------------+---------+---------+---------+
|       0.10000 | 0.65218 | 0.65512 | 0.06324 |
+---------------+---------+---------+---------+
|       0.15000 | 0.66131 | 0.66010 | 0.05997 |
+---------------+---------+---------+---------+
|       0.20000 | 0.67155 | 0.66519 | 0.05988 |
+---------------+---------+---------+---------+
|       0.25000 | 0.66171 | 0.66798 | 0.06846 |
+---------------+---------+---------+---------+
|       0.30000 | 0.68140 | 0.67567 | 0.06432 |
+---------------+---------+---------+---------+
|       0.35000 | 0.66504 | 0.68128 | 0.06762 |
+---------------+---------+---------+---------+
|       0.40000 | 0.68800 | 0.68666 | 0.06618 |
+---------------+---------+---------+---------+
|       0.45000 | 0.68737 | 0.69361 | 0.09244 |
+---------------+---------+---------+---------+
|       0.50000 | 0.66476 | 0.69886 | 0.07394 |
+---------------+---------+---------+---------+
|       0.55000 | 0.65949 | 0.70870 | 0.07745 |
+---------------+---------+---------+---------+
|       0.60000 | 0.63739 | 0.71346 | 0.08022 |
+---------------+---------+---------+---------+
|       0.65000 | 0.63831 | 0.72530 | 0.07193 |
+---------------+---------+---------+---------+
|       0.70000 | 0.65367 | 0.73992 | 0.09258 |
+---------------+---------+---------+---------+
|       0.75000 | 0.62084 | 0.75662 | 0.09342 |
+---------------+---------+---------+---------+
|       0.80000 | 0.61563 | 0.78383 | 0.08250 |
+---------------+---------+---------+---------+
|       0.85000 | 0.57634 | 0.82547 | 0.09187 |
+---------------+---------+---------+---------+
|       0.90000 | 0.56580 | 0.89632 | 0.08794 |
+---------------+---------+---------+---------+
|       0.95000 | 0.57036 | 1.03365 | 0.10033 |
+---------------+---------+---------+---------+
|       1.00000 | 0.50777 | 1.90101 | 0.12560 |
+---------------+---------+---------+---------+