+---------------+---------+---------+---------+
|   Noisy Level |      PU |      AU |    M PU |
+===============+=========+=========+=========+
|       0.05000 | 0.91088 | 0.88928 | 0.03960 |
+---------------+---------+---------+---------+
|       0.10000 | 0.94516 | 0.89495 | 0.04210 |
+---------------+---------+---------+---------+
|       0.15000 | 0.95630 | 0.89961 | 0.05214 |
+---------------+---------+---------+---------+
|       0.20000 | 0.91615 | 0.90577 | 0.03951 |
+---------------+---------+---------+---------+
|       0.25000 | 0.88022 | 0.91178 | 0.07360 |
+---------------+---------+---------+---------+
|       0.30000 | 0.86691 | 0.91958 | 0.06982 |
+---------------+---------+---------+---------+
|       0.35000 | 0.79417 | 0.92941 | 0.07174 |
+---------------+---------+---------+---------+
|       0.40000 | 0.73404 | 0.93531 | 0.07026 |
+---------------+---------+---------+---------+
|       0.45000 | 0.71404 | 0.94720 | 0.09077 |
+---------------+---------+---------+---------+
|       0.50000 | 0.66582 | 0.95625 | 0.07347 |
+---------------+---------+---------+---------+
|       0.55000 | 0.62094 | 0.97024 | 0.09109 |
+---------------+---------+---------+---------+
|       0.60000 | 0.61620 | 0.98260 | 0.09506 |
+---------------+---------+---------+---------+
|       0.65000 | 0.54897 | 1.00139 | 0.09094 |
+---------------+---------+---------+---------+
|       0.70000 | 0.54201 | 1.01969 | 0.10922 |
+---------------+---------+---------+---------+
|       0.75000 | 0.47394 | 1.04536 | 0.09363 |
+---------------+---------+---------+---------+
|       0.80000 | 0.47813 | 1.08113 | 0.08790 |
+---------------+---------+---------+---------+
|       0.85000 | 0.45229 | 1.13348 | 0.09445 |
+---------------+---------+---------+---------+
|       0.90000 | 0.42447 | 1.20837 | 0.09742 |
+---------------+---------+---------+---------+
|       0.95000 | 0.41330 | 1.32073 | 0.10063 |
+---------------+---------+---------+---------+
|       1.00000 | 0.41233 | 1.97774 | 0.08689 |
+---------------+---------+---------+---------+