+---------------+---------+---------+---------+
|   Noisy Level |      PU |      AU |    M PU |
+===============+=========+=========+=========+
|       0.05000 | 0.77268 | 0.76700 | 0.04566 |
+---------------+---------+---------+---------+
|       0.10000 | 0.79125 | 0.77199 | 0.04639 |
+---------------+---------+---------+---------+
|       0.15000 | 0.80944 | 0.77589 | 0.03986 |
+---------------+---------+---------+---------+
|       0.20000 | 0.81286 | 0.77970 | 0.05318 |
+---------------+---------+---------+---------+
|       0.25000 | 0.82539 | 0.78527 | 0.05075 |
+---------------+---------+---------+---------+
|       0.30000 | 0.79676 | 0.79082 | 0.05187 |
+---------------+---------+---------+---------+
|       0.35000 | 0.74270 | 0.79794 | 0.03539 |
+---------------+---------+---------+---------+
|       0.40000 | 0.71833 | 0.80557 | 0.01986 |
+---------------+---------+---------+---------+
|       0.45000 | 0.71079 | 0.80850 | 0.03205 |
+---------------+---------+---------+---------+
|       0.50000 | 0.67061 | 0.81565 | 0.04326 |
+---------------+---------+---------+---------+
|       0.55000 | 0.66121 | 0.82423 | 0.03631 |
+---------------+---------+---------+---------+
|       0.60000 | 0.59386 | 0.83134 | 0.03796 |
+---------------+---------+---------+---------+
|       0.65000 | 0.57419 | 0.83859 | 0.05676 |
+---------------+---------+---------+---------+
|       0.70000 | 0.56119 | 0.85173 | 0.04383 |
+---------------+---------+---------+---------+
|       0.75000 | 0.53409 | 0.86518 | 0.06782 |
+---------------+---------+---------+---------+
|       0.80000 | 0.50507 | 0.88882 | 0.05738 |
+---------------+---------+---------+---------+
|       0.85000 | 0.48161 | 0.92671 | 0.04654 |
+---------------+---------+---------+---------+
|       0.90000 | 0.45124 | 0.98906 | 0.06229 |
+---------------+---------+---------+---------+
|       0.95000 | 0.44521 | 1.11748 | 0.01937 |
+---------------+---------+---------+---------+
|       1.00000 | 0.43798 | 1.91147 | 0.04265 |
+---------------+---------+---------+---------+