+---------------+---------+---------+---------+
|   Noisy Level |      PU |      AU |    M PU |
+===============+=========+=========+=========+
|       0.05000 | 0.84985 | 0.82127 | 0.04744 |
+---------------+---------+---------+---------+
|       0.10000 | 0.88309 | 0.82681 | 0.04462 |
+---------------+---------+---------+---------+
|       0.15000 | 0.92402 | 0.83171 | 0.05357 |
+---------------+---------+---------+---------+
|       0.20000 | 0.88665 | 0.83792 | 0.07140 |
+---------------+---------+---------+---------+
|       0.25000 | 0.84684 | 0.84163 | 0.07539 |
+---------------+---------+---------+---------+
|       0.30000 | 0.79473 | 0.84957 | 0.08118 |
+---------------+---------+---------+---------+
|       0.35000 | 0.73908 | 0.85484 | 0.07224 |
+---------------+---------+---------+---------+
|       0.40000 | 0.73579 | 0.86295 | 0.10708 |
+---------------+---------+---------+---------+
|       0.45000 | 0.68912 | 0.87168 | 0.10571 |
+---------------+---------+---------+---------+
|       0.50000 | 0.63699 | 0.87869 | 0.07027 |
+---------------+---------+---------+---------+
|       0.55000 | 0.58156 | 0.88857 | 0.11057 |
+---------------+---------+---------+---------+
|       0.60000 | 0.55073 | 0.89997 | 0.14262 |
+---------------+---------+---------+---------+
|       0.65000 | 0.53725 | 0.91204 | 0.10876 |
+---------------+---------+---------+---------+
|       0.70000 | 0.47057 | 0.92956 | 0.13364 |
+---------------+---------+---------+---------+
|       0.75000 | 0.48219 | 0.94822 | 0.11045 |
+---------------+---------+---------+---------+
|       0.80000 | 0.45518 | 0.97289 | 0.15265 |
+---------------+---------+---------+---------+
|       0.85000 | 0.44353 | 1.01169 | 0.12643 |
+---------------+---------+---------+---------+
|       0.90000 | 0.41102 | 1.07940 | 0.16100 |
+---------------+---------+---------+---------+
|       0.95000 | 0.38630 | 1.20452 | 0.14395 |
+---------------+---------+---------+---------+
|       1.00000 | 0.39920 | 1.95672 | 0.12289 |
+---------------+---------+---------+---------+