+---------------+---------+---------+---------+
|   Noisy Level |      PU |      AU |    M PU |
+===============+=========+=========+=========+
|       0.05000 | 0.41199 | 0.41629 | 0.04161 |
+---------------+---------+---------+---------+
|       0.10000 | 0.41164 | 0.42244 | 0.04397 |
+---------------+---------+---------+---------+
|       0.15000 | 0.41185 | 0.42808 | 0.03983 |
+---------------+---------+---------+---------+
|       0.20000 | 0.42033 | 0.43372 | 0.04218 |
+---------------+---------+---------+---------+
|       0.25000 | 0.42249 | 0.44232 | 0.04251 |
+---------------+---------+---------+---------+
|       0.30000 | 0.43161 | 0.44939 | 0.04502 |
+---------------+---------+---------+---------+
|       0.35000 | 0.41465 | 0.45851 | 0.04142 |
+---------------+---------+---------+---------+
|       0.40000 | 0.41481 | 0.46699 | 0.04069 |
+---------------+---------+---------+---------+
|       0.45000 | 0.43995 | 0.47838 | 0.04087 |
+---------------+---------+---------+---------+
|       0.50000 | 0.43526 | 0.49053 | 0.04195 |
+---------------+---------+---------+---------+
|       0.55000 | 0.43287 | 0.50622 | 0.03167 |
+---------------+---------+---------+---------+
|       0.60000 | 0.45138 | 0.52066 | 0.04098 |
+---------------+---------+---------+---------+
|       0.65000 | 0.45610 | 0.54311 | 0.04178 |
+---------------+---------+---------+---------+
|       0.70000 | 0.45392 | 0.56581 | 0.04372 |
+---------------+---------+---------+---------+
|       0.75000 | 0.46202 | 0.59950 | 0.03427 |
+---------------+---------+---------+---------+
|       0.80000 | 0.44581 | 0.64362 | 0.02764 |
+---------------+---------+---------+---------+
|       0.85000 | 0.43702 | 0.70792 | 0.04658 |
+---------------+---------+---------+---------+
|       0.90000 | 0.46906 | 0.79682 | 0.03578 |
+---------------+---------+---------+---------+
|       0.95000 | 0.47401 | 0.97737 | 0.02834 |
+---------------+---------+---------+---------+
|       1.00000 | 0.47935 | 1.98315 | 0.04170 |
+---------------+---------+---------+---------+