+---------------+---------+---------+---------+
|   Noisy Level |      PU |      AU |    M PU |
+===============+=========+=========+=========+
|       0.05000 | 0.60083 | 0.60450 | 0.04725 |
+---------------+---------+---------+---------+
|       0.10000 | 0.60459 | 0.60850 | 0.04865 |
+---------------+---------+---------+---------+
|       0.15000 | 0.60832 | 0.61175 | 0.04459 |
+---------------+---------+---------+---------+
|       0.20000 | 0.62056 | 0.61784 | 0.05305 |
+---------------+---------+---------+---------+
|       0.25000 | 0.63218 | 0.62274 | 0.04953 |
+---------------+---------+---------+---------+
|       0.30000 | 0.63235 | 0.62777 | 0.05296 |
+---------------+---------+---------+---------+
|       0.35000 | 0.63487 | 0.63324 | 0.04377 |
+---------------+---------+---------+---------+
|       0.40000 | 0.62962 | 0.63869 | 0.04657 |
+---------------+---------+---------+---------+
|       0.45000 | 0.63809 | 0.64509 | 0.04867 |
+---------------+---------+---------+---------+
|       0.50000 | 0.64482 | 0.65273 | 0.05509 |
+---------------+---------+---------+---------+
|       0.55000 | 0.62287 | 0.66019 | 0.05622 |
+---------------+---------+---------+---------+
|       0.60000 | 0.60879 | 0.67145 | 0.06194 |
+---------------+---------+---------+---------+
|       0.65000 | 0.62674 | 0.68387 | 0.03810 |
+---------------+---------+---------+---------+
|       0.70000 | 0.64277 | 0.69941 | 0.05250 |
+---------------+---------+---------+---------+
|       0.75000 | 0.61126 | 0.71831 | 0.02583 |
+---------------+---------+---------+---------+
|       0.80000 | 0.59307 | 0.74961 | 0.06006 |
+---------------+---------+---------+---------+
|       0.85000 | 0.60034 | 0.80154 | 0.06244 |
+---------------+---------+---------+---------+
|       0.90000 | 0.56242 | 0.88452 | 0.03710 |
+---------------+---------+---------+---------+
|       0.95000 | 0.54981 | 1.04321 | 0.04510 |
+---------------+---------+---------+---------+
|       1.00000 | 0.53728 | 1.87915 | 0.02410 |
+---------------+---------+---------+---------+