+---------------+---------+---------+---------+
|   Noisy Level |      PU |      AU |    M PU |
+===============+=========+=========+=========+
|       0.05000 | 0.51577 | 0.51879 | 0.06128 |
+---------------+---------+---------+---------+
|       0.10000 | 0.52032 | 0.52466 | 0.06110 |
+---------------+---------+---------+---------+
|       0.15000 | 0.51640 | 0.53052 | 0.05846 |
+---------------+---------+---------+---------+
|       0.20000 | 0.53297 | 0.53623 | 0.05996 |
+---------------+---------+---------+---------+
|       0.25000 | 0.53012 | 0.54392 | 0.05630 |
+---------------+---------+---------+---------+
|       0.30000 | 0.54369 | 0.55044 | 0.05054 |
+---------------+---------+---------+---------+
|       0.35000 | 0.53995 | 0.55805 | 0.05717 |
+---------------+---------+---------+---------+
|       0.40000 | 0.55167 | 0.56632 | 0.05159 |
+---------------+---------+---------+---------+
|       0.45000 | 0.56220 | 0.57484 | 0.05234 |
+---------------+---------+---------+---------+
|       0.50000 | 0.55701 | 0.58405 | 0.04846 |
+---------------+---------+---------+---------+
|       0.55000 | 0.56137 | 0.59712 | 0.04585 |
+---------------+---------+---------+---------+
|       0.60000 | 0.57076 | 0.60915 | 0.05794 |
+---------------+---------+---------+---------+
|       0.65000 | 0.55644 | 0.62502 | 0.04811 |
+---------------+---------+---------+---------+
|       0.70000 | 0.57168 | 0.64687 | 0.04448 |
+---------------+---------+---------+---------+
|       0.75000 | 0.57295 | 0.67603 | 0.03482 |
+---------------+---------+---------+---------+
|       0.80000 | 0.58891 | 0.71463 | 0.04450 |
+---------------+---------+---------+---------+
|       0.85000 | 0.56864 | 0.76995 | 0.04501 |
+---------------+---------+---------+---------+
|       0.90000 | 0.55898 | 0.85909 | 0.03128 |
+---------------+---------+---------+---------+
|       0.95000 | 0.54155 | 1.02790 | 0.03223 |
+---------------+---------+---------+---------+
|       1.00000 | 0.55758 | 1.93111 | 0.03882 |
+---------------+---------+---------+---------+