+---------------+---------+---------+---------+
|   Noisy Level |      PU |      AU |    M PU |
+===============+=========+=========+=========+
|       0.05000 | 0.45171 | 0.45674 | 0.04731 |
+---------------+---------+---------+---------+
|       0.10000 | 0.45405 | 0.46151 | 0.04880 |
+---------------+---------+---------+---------+
|       0.15000 | 0.45240 | 0.46558 | 0.04494 |
+---------------+---------+---------+---------+
|       0.20000 | 0.45191 | 0.47332 | 0.04521 |
+---------------+---------+---------+---------+
|       0.25000 | 0.46115 | 0.47925 | 0.04881 |
+---------------+---------+---------+---------+
|       0.30000 | 0.46327 | 0.48664 | 0.04535 |
+---------------+---------+---------+---------+
|       0.35000 | 0.45971 | 0.49724 | 0.04802 |
+---------------+---------+---------+---------+
|       0.40000 | 0.46723 | 0.50335 | 0.04346 |
+---------------+---------+---------+---------+
|       0.45000 | 0.48523 | 0.51316 | 0.04809 |
+---------------+---------+---------+---------+
|       0.50000 | 0.47109 | 0.52635 | 0.03760 |
+---------------+---------+---------+---------+
|       0.55000 | 0.47510 | 0.53809 | 0.03549 |
+---------------+---------+---------+---------+
|       0.60000 | 0.47909 | 0.55104 | 0.03511 |
+---------------+---------+---------+---------+
|       0.65000 | 0.49752 | 0.57152 | 0.04484 |
+---------------+---------+---------+---------+
|       0.70000 | 0.50343 | 0.59320 | 0.04143 |
+---------------+---------+---------+---------+
|       0.75000 | 0.48592 | 0.62605 | 0.03174 |
+---------------+---------+---------+---------+
|       0.80000 | 0.49152 | 0.66479 | 0.03712 |
+---------------+---------+---------+---------+
|       0.85000 | 0.49638 | 0.72086 | 0.04325 |
+---------------+---------+---------+---------+
|       0.90000 | 0.48875 | 0.80885 | 0.04313 |
+---------------+---------+---------+---------+
|       0.95000 | 0.49871 | 0.96323 | 0.04135 |
+---------------+---------+---------+---------+
|       1.00000 | 0.48273 | 1.89360 | 0.05263 |
+---------------+---------+---------+---------+