+---------------+---------+---------+---------+
|   Noisy Level |      PU |      AU |    M PU |
+===============+=========+=========+=========+
|       0.05000 | 0.75587 | 0.75241 | 0.05256 |
+---------------+---------+---------+---------+
|       0.10000 | 0.77315 | 0.75655 | 0.05061 |
+---------------+---------+---------+---------+
|       0.15000 | 0.76179 | 0.75978 | 0.04515 |
+---------------+---------+---------+---------+
|       0.20000 | 0.79521 | 0.76427 | 0.04673 |
+---------------+---------+---------+---------+
|       0.25000 | 0.78301 | 0.76759 | 0.05920 |
+---------------+---------+---------+---------+
|       0.30000 | 0.77766 | 0.77305 | 0.06090 |
+---------------+---------+---------+---------+
|       0.35000 | 0.77891 | 0.77802 | 0.05088 |
+---------------+---------+---------+---------+
|       0.40000 | 0.74148 | 0.78050 | 0.05159 |
+---------------+---------+---------+---------+
|       0.45000 | 0.71644 | 0.78695 | 0.04247 |
+---------------+---------+---------+---------+
|       0.50000 | 0.70115 | 0.78989 | 0.05159 |
+---------------+---------+---------+---------+
|       0.55000 | 0.68734 | 0.79691 | 0.04733 |
+---------------+---------+---------+---------+
|       0.60000 | 0.63140 | 0.80103 | 0.04001 |
+---------------+---------+---------+---------+
|       0.65000 | 0.61853 | 0.81086 | 0.05178 |
+---------------+---------+---------+---------+
|       0.70000 | 0.59826 | 0.82012 | 0.04127 |
+---------------+---------+---------+---------+
|       0.75000 | 0.56942 | 0.83223 | 0.02604 |
+---------------+---------+---------+---------+
|       0.80000 | 0.54305 | 0.85705 | 0.04247 |
+---------------+---------+---------+---------+
|       0.85000 | 0.53046 | 0.89041 | 0.02396 |
+---------------+---------+---------+---------+
|       0.90000 | 0.49954 | 0.95378 | 0.03982 |
+---------------+---------+---------+---------+
|       0.95000 | 0.49572 | 1.06702 | 0.05485 |
+---------------+---------+---------+---------+
|       1.00000 | 0.47134 | 1.75069 | 0.05012 |
+---------------+---------+---------+---------+