+---------------+---------+---------+---------+
|   Noisy Level |      PU |      AU |    M PU |
+===============+=========+=========+=========+
|       0.05000 | 0.47316 | 0.48162 | 0.05179 |
+---------------+---------+---------+---------+
|       0.10000 | 0.47794 | 0.48704 | 0.05309 |
+---------------+---------+---------+---------+
|       0.15000 | 0.47655 | 0.49455 | 0.05426 |
+---------------+---------+---------+---------+
|       0.20000 | 0.48468 | 0.50112 | 0.05507 |
+---------------+---------+---------+---------+
|       0.25000 | 0.48385 | 0.50745 | 0.05146 |
+---------------+---------+---------+---------+
|       0.30000 | 0.49635 | 0.51665 | 0.05921 |
+---------------+---------+---------+---------+
|       0.35000 | 0.50198 | 0.52568 | 0.05239 |
+---------------+---------+---------+---------+
|       0.40000 | 0.50006 | 0.53407 | 0.06065 |
+---------------+---------+---------+---------+
|       0.45000 | 0.50974 | 0.54651 | 0.05224 |
+---------------+---------+---------+---------+
|       0.50000 | 0.49577 | 0.55526 | 0.05364 |
+---------------+---------+---------+---------+
|       0.55000 | 0.50033 | 0.57109 | 0.04704 |
+---------------+---------+---------+---------+
|       0.60000 | 0.52088 | 0.58400 | 0.05130 |
+---------------+---------+---------+---------+
|       0.65000 | 0.53589 | 0.60718 | 0.04511 |
+---------------+---------+---------+---------+
|       0.70000 | 0.50755 | 0.63023 | 0.04519 |
+---------------+---------+---------+---------+
|       0.75000 | 0.52918 | 0.66162 | 0.05159 |
+---------------+---------+---------+---------+
|       0.80000 | 0.51965 | 0.70374 | 0.05728 |
+---------------+---------+---------+---------+
|       0.85000 | 0.53419 | 0.76848 | 0.07298 |
+---------------+---------+---------+---------+
|       0.90000 | 0.53448 | 0.86380 | 0.06199 |
+---------------+---------+---------+---------+
|       0.95000 | 0.50536 | 1.05997 | 0.05578 |
+---------------+---------+---------+---------+
|       1.00000 | 0.50435 | 1.99883 | 0.05139 |
+---------------+---------+---------+---------+