+---------------+---------+---------+---------+
|   Noisy Level |      PU |      AU |    M PU |
+===============+=========+=========+=========+
|       0.05000 | 0.67116 | 0.67387 | 0.05041 |
+---------------+---------+---------+---------+
|       0.10000 | 0.67739 | 0.67727 | 0.04898 |
+---------------+---------+---------+---------+
|       0.15000 | 0.70796 | 0.68274 | 0.05161 |
+---------------+---------+---------+---------+
|       0.20000 | 0.71733 | 0.68755 | 0.04636 |
+---------------+---------+---------+---------+
|       0.25000 | 0.72055 | 0.69170 | 0.04298 |
+---------------+---------+---------+---------+
|       0.30000 | 0.69787 | 0.69644 | 0.04286 |
+---------------+---------+---------+---------+
|       0.35000 | 0.72653 | 0.70246 | 0.02546 |
+---------------+---------+---------+---------+
|       0.40000 | 0.69796 | 0.70691 | 0.03042 |
+---------------+---------+---------+---------+
|       0.45000 | 0.68167 | 0.71353 | 0.03026 |
+---------------+---------+---------+---------+
|       0.50000 | 0.68209 | 0.71979 | 0.03525 |
+---------------+---------+---------+---------+
|       0.55000 | 0.67142 | 0.72837 | 0.01669 |
+---------------+---------+---------+---------+
|       0.60000 | 0.64157 | 0.73565 | 0.02829 |
+---------------+---------+---------+---------+
|       0.65000 | 0.62290 | 0.74800 | 0.03367 |
+---------------+---------+---------+---------+
|       0.70000 | 0.62623 | 0.76225 | 0.01713 |
+---------------+---------+---------+---------+
|       0.75000 | 0.60446 | 0.77967 | 0.01586 |
+---------------+---------+---------+---------+
|       0.80000 | 0.57215 | 0.80686 | 0.02915 |
+---------------+---------+---------+---------+
|       0.85000 | 0.54123 | 0.86453 | 0.02737 |
+---------------+---------+---------+---------+
|       0.90000 | 0.55072 | 0.94625 | 0.01339 |
+---------------+---------+---------+---------+
|       0.95000 | 0.53255 | 1.11036 | 0.02966 |
+---------------+---------+---------+---------+
|       1.00000 | 0.49766 | 1.96354 | 0.01004 |
+---------------+---------+---------+---------+