+---------------+---------+---------+---------+
|   Noisy Level |      PU |      AU |    M PU |
+===============+=========+=========+=========+
|       0.05000 | 0.72590 | 0.72747 | 0.05290 |
+---------------+---------+---------+---------+
|       0.10000 | 0.74462 | 0.73104 | 0.05803 |
+---------------+---------+---------+---------+
|       0.15000 | 0.73977 | 0.73364 | 0.06049 |
+---------------+---------+---------+---------+
|       0.20000 | 0.74596 | 0.73745 | 0.05024 |
+---------------+---------+---------+---------+
|       0.25000 | 0.74281 | 0.74133 | 0.05463 |
+---------------+---------+---------+---------+
|       0.30000 | 0.75934 | 0.74460 | 0.05847 |
+---------------+---------+---------+---------+
|       0.35000 | 0.78039 | 0.75058 | 0.06209 |
+---------------+---------+---------+---------+
|       0.40000 | 0.72067 | 0.75405 | 0.05291 |
+---------------+---------+---------+---------+
|       0.45000 | 0.70845 | 0.76001 | 0.06332 |
+---------------+---------+---------+---------+
|       0.50000 | 0.72517 | 0.76432 | 0.05215 |
+---------------+---------+---------+---------+
|       0.55000 | 0.70075 | 0.77108 | 0.06891 |
+---------------+---------+---------+---------+
|       0.60000 | 0.67777 | 0.77913 | 0.05154 |
+---------------+---------+---------+---------+
|       0.65000 | 0.67573 | 0.78537 | 0.05999 |
+---------------+---------+---------+---------+
|       0.70000 | 0.67759 | 0.79652 | 0.05133 |
+---------------+---------+---------+---------+
|       0.75000 | 0.61589 | 0.81606 | 0.04126 |
+---------------+---------+---------+---------+
|       0.80000 | 0.62692 | 0.83813 | 0.07871 |
+---------------+---------+---------+---------+
|       0.85000 | 0.62044 | 0.88412 | 0.06643 |
+---------------+---------+---------+---------+
|       0.90000 | 0.59912 | 0.95820 | 0.07619 |
+---------------+---------+---------+---------+
|       0.95000 | 0.59358 | 1.10832 | 0.08113 |
+---------------+---------+---------+---------+
|       1.00000 | 0.56562 | 2.03774 | 0.04069 |
+---------------+---------+---------+---------+