+---------------+---------+---------+---------+
|   Noisy Level |      PU |      AU |    M PU |
+===============+=========+=========+=========+
|       0.05000 | 0.54192 | 0.54534 | 0.04988 |
+---------------+---------+---------+---------+
|       0.10000 | 0.54576 | 0.55131 | 0.05000 |
+---------------+---------+---------+---------+
|       0.15000 | 0.55377 | 0.55772 | 0.04936 |
+---------------+---------+---------+---------+
|       0.20000 | 0.56298 | 0.56133 | 0.05095 |
+---------------+---------+---------+---------+
|       0.25000 | 0.56072 | 0.56923 | 0.04343 |
+---------------+---------+---------+---------+
|       0.30000 | 0.58266 | 0.57666 | 0.04871 |
+---------------+---------+---------+---------+
|       0.35000 | 0.58627 | 0.58498 | 0.03905 |
+---------------+---------+---------+---------+
|       0.40000 | 0.60195 | 0.59279 | 0.04118 |
+---------------+---------+---------+---------+
|       0.45000 | 0.59088 | 0.59977 | 0.03586 |
+---------------+---------+---------+---------+
|       0.50000 | 0.58195 | 0.60857 | 0.04752 |
+---------------+---------+---------+---------+
|       0.55000 | 0.60808 | 0.62137 | 0.03964 |
+---------------+---------+---------+---------+
|       0.60000 | 0.58377 | 0.63107 | 0.04552 |
+---------------+---------+---------+---------+
|       0.65000 | 0.63704 | 0.64893 | 0.02351 |
+---------------+---------+---------+---------+
|       0.70000 | 0.60220 | 0.66743 | 0.04140 |
+---------------+---------+---------+---------+
|       0.75000 | 0.62296 | 0.69270 | 0.03709 |
+---------------+---------+---------+---------+
|       0.80000 | 0.58366 | 0.72801 | 0.02040 |
+---------------+---------+---------+---------+
|       0.85000 | 0.57013 | 0.78047 | 0.04297 |
+---------------+---------+---------+---------+
|       0.90000 | 0.56614 | 0.86995 | 0.03583 |
+---------------+---------+---------+---------+
|       0.95000 | 0.55458 | 1.03505 | 0.04869 |
+---------------+---------+---------+---------+
|       1.00000 | 0.56778 | 1.96903 | 0.02836 |
+---------------+---------+---------+---------+