+---------------+---------+---------+---------+
|   Noisy Level |      PU |      AU |    M PU |
+===============+=========+=========+=========+
|       0.05000 | 0.83792 | 0.83162 | 0.08302 |
+---------------+---------+---------+---------+
|       0.10000 | 0.83983 | 0.83477 | 0.08318 |
+---------------+---------+---------+---------+
|       0.15000 | 0.83406 | 0.83653 | 0.08636 |
+---------------+---------+---------+---------+
|       0.20000 | 0.85271 | 0.84052 | 0.08810 |
+---------------+---------+---------+---------+
|       0.25000 | 0.87577 | 0.84029 | 0.09366 |
+---------------+---------+---------+---------+
|       0.30000 | 0.85529 | 0.84420 | 0.10999 |
+---------------+---------+---------+---------+
|       0.35000 | 0.83903 | 0.84669 | 0.08183 |
+---------------+---------+---------+---------+
|       0.40000 | 0.84487 | 0.85153 | 0.11089 |
+---------------+---------+---------+---------+
|       0.45000 | 0.83766 | 0.85353 | 0.11499 |
+---------------+---------+---------+---------+
|       0.50000 | 0.78789 | 0.85658 | 0.11344 |
+---------------+---------+---------+---------+
|       0.55000 | 0.76586 | 0.86122 | 0.11559 |
+---------------+---------+---------+---------+
|       0.60000 | 0.75396 | 0.86585 | 0.12742 |
+---------------+---------+---------+---------+
|       0.65000 | 0.72103 | 0.86868 | 0.12554 |
+---------------+---------+---------+---------+
|       0.70000 | 0.66835 | 0.87801 | 0.13892 |
+---------------+---------+---------+---------+
|       0.75000 | 0.67062 | 0.88480 | 0.12164 |
+---------------+---------+---------+---------+
|       0.80000 | 0.62683 | 0.90491 | 0.11512 |
+---------------+---------+---------+---------+
|       0.85000 | 0.65487 | 0.93823 | 0.11197 |
+---------------+---------+---------+---------+
|       0.90000 | 0.61578 | 1.00975 | 0.11981 |
+---------------+---------+---------+---------+
|       0.95000 | 0.60854 | 1.14629 | 0.12684 |
+---------------+---------+---------+---------+
|       1.00000 | 0.57292 | 1.98685 | 0.13373 |
+---------------+---------+---------+---------+