+---------------+---------+---------+---------+
|   Noisy Level |      PU |      AU |    M PU |
+===============+=========+=========+=========+
|       0.05000 | 0.45710 | 0.46133 | 0.07905 |
+---------------+---------+---------+---------+
|       0.10000 | 0.46220 | 0.46598 | 0.07926 |
+---------------+---------+---------+---------+
|       0.15000 | 0.46430 | 0.47135 | 0.07762 |
+---------------+---------+---------+---------+
|       0.20000 | 0.46239 | 0.47760 | 0.08112 |
+---------------+---------+---------+---------+
|       0.25000 | 0.46888 | 0.48424 | 0.07950 |
+---------------+---------+---------+---------+
|       0.30000 | 0.48288 | 0.49167 | 0.07881 |
+---------------+---------+---------+---------+
|       0.35000 | 0.48917 | 0.49981 | 0.08054 |
+---------------+---------+---------+---------+
|       0.40000 | 0.49824 | 0.50597 | 0.08048 |
+---------------+---------+---------+---------+
|       0.45000 | 0.48674 | 0.51781 | 0.08159 |
+---------------+---------+---------+---------+
|       0.50000 | 0.49558 | 0.52942 | 0.08407 |
+---------------+---------+---------+---------+
|       0.55000 | 0.49014 | 0.54127 | 0.08907 |
+---------------+---------+---------+---------+
|       0.60000 | 0.49737 | 0.55711 | 0.07316 |
+---------------+---------+---------+---------+
|       0.65000 | 0.49120 | 0.57496 | 0.08553 |
+---------------+---------+---------+---------+
|       0.70000 | 0.52397 | 0.59972 | 0.09156 |
+---------------+---------+---------+---------+
|       0.75000 | 0.49679 | 0.63319 | 0.08125 |
+---------------+---------+---------+---------+
|       0.80000 | 0.52623 | 0.67675 | 0.08455 |
+---------------+---------+---------+---------+
|       0.85000 | 0.48996 | 0.73722 | 0.09295 |
+---------------+---------+---------+---------+
|       0.90000 | 0.49102 | 0.83627 | 0.07839 |
+---------------+---------+---------+---------+
|       0.95000 | 0.50410 | 1.02062 | 0.08555 |
+---------------+---------+---------+---------+
|       1.00000 | 0.50054 | 1.96918 | 0.08620 |
+---------------+---------+---------+---------+