+---------------+---------+---------+---------+
|   Noisy Level |      PU |      AU |    M PU |
+===============+=========+=========+=========+
|       0.05000 | 0.55469 | 0.55593 | 0.07634 |
+---------------+---------+---------+---------+
|       0.10000 | 0.55783 | 0.56008 | 0.07543 |
+---------------+---------+---------+---------+
|       0.15000 | 0.56108 | 0.56564 | 0.08034 |
+---------------+---------+---------+---------+
|       0.20000 | 0.55972 | 0.57033 | 0.07469 |
+---------------+---------+---------+---------+
|       0.25000 | 0.56561 | 0.57548 | 0.07984 |
+---------------+---------+---------+---------+
|       0.30000 | 0.57465 | 0.58174 | 0.08047 |
+---------------+---------+---------+---------+
|       0.35000 | 0.57818 | 0.58871 | 0.09638 |
+---------------+---------+---------+---------+
|       0.40000 | 0.60082 | 0.59485 | 0.07046 |
+---------------+---------+---------+---------+
|       0.45000 | 0.60510 | 0.60190 | 0.08427 |
+---------------+---------+---------+---------+
|       0.50000 | 0.56846 | 0.61155 | 0.08549 |
+---------------+---------+---------+---------+
|       0.55000 | 0.57032 | 0.62027 | 0.08510 |
+---------------+---------+---------+---------+
|       0.60000 | 0.59961 | 0.63131 | 0.09746 |
+---------------+---------+---------+---------+
|       0.65000 | 0.59218 | 0.64575 | 0.08355 |
+---------------+---------+---------+---------+
|       0.70000 | 0.61921 | 0.66316 | 0.09805 |
+---------------+---------+---------+---------+
|       0.75000 | 0.60953 | 0.68402 | 0.07781 |
+---------------+---------+---------+---------+
|       0.80000 | 0.58750 | 0.72023 | 0.08714 |
+---------------+---------+---------+---------+
|       0.85000 | 0.60599 | 0.77005 | 0.08902 |
+---------------+---------+---------+---------+
|       0.90000 | 0.58518 | 0.85816 | 0.08767 |
+---------------+---------+---------+---------+
|       0.95000 | 0.57524 | 1.01865 | 0.07310 |
+---------------+---------+---------+---------+
|       1.00000 | 0.53426 | 1.97323 | 0.08872 |
+---------------+---------+---------+---------+