+---------------+----------+--------------+---------------+----------+--------------+---------------+-----------+---------------+----------------+
|   Noise Level |   GCN PU |   GCN var PU |   GCN max acc |   GAT PU |   GAT var PU |   GAT max acc |   SAGE PU |   SAGE var PU |   SAGE max acc |
+===============+==========+==============+===============+==========+==============+===============+===========+===============+================+
|          0.00 |  1.02942 |      0.18631 |       0.82288 |  0.67672 |      0.22142 |       0.87823 |   1.19227 |       0.16895 |        0.64945 |
+---------------+----------+--------------+---------------+----------+--------------+---------------+-----------+---------------+----------------+
|          0.10 |  1.09575 |      0.20164 |       0.81919 |  0.77796 |      0.20968 |       0.88561 |   1.28508 |       0.16851 |        0.67159 |
+---------------+----------+--------------+---------------+----------+--------------+---------------+-----------+---------------+----------------+
|          0.20 |  1.14394 |      0.18553 |       0.82657 |  0.97598 |      0.20913 |       0.87823 |   1.37866 |       0.14876 |        0.64945 |
+---------------+----------+--------------+---------------+----------+--------------+---------------+-----------+---------------+----------------+
|          0.30 |  1.16756 |      0.23688 |       0.81550 |  0.90822 |      0.23298 |       0.87823 |   1.43274 |       0.11290 |        0.67528 |
+---------------+----------+--------------+---------------+----------+--------------+---------------+-----------+---------------+----------------+
|          0.40 |  1.30505 |      0.18140 |       0.83764 |  1.19688 |      0.17659 |       0.88192 |   1.30417 |       0.16787 |        0.64945 |
+---------------+----------+--------------+---------------+----------+--------------+---------------+-----------+---------------+----------------+
|          0.50 |  1.29123 |      0.17662 |       0.80443 |  1.12297 |      0.23255 |       0.88561 |   1.40452 |       0.13766 |        0.62731 |
+---------------+----------+--------------+---------------+----------+--------------+---------------+-----------+---------------+----------------+
|          0.60 |  1.52331 |      0.07979 |       0.82657 |  1.27890 |      0.14546 |       0.87454 |   1.44616 |       0.11032 |        0.65314 |
+---------------+----------+--------------+---------------+----------+--------------+---------------+-----------+---------------+----------------+
|          0.70 |  1.47013 |      0.11165 |       0.81181 |  1.57183 |      0.02996 |       0.88561 |   1.49236 |       0.07239 |        0.64945 |
+---------------+----------+--------------+---------------+----------+--------------+---------------+-----------+---------------+----------------+
|          0.80 |  1.59761 |      0.04492 |       0.83026 |  1.42260 |      0.08213 |       0.87823 |   1.40916 |       0.08667 |        0.63838 |
+---------------+----------+--------------+---------------+----------+--------------+---------------+-----------+---------------+----------------+
|          0.90 |  1.51608 |      0.05670 |       0.82657 |  1.51504 |      0.06960 |       0.87085 |   1.47289 |       0.07638 |        0.63469 |
+---------------+----------+--------------+---------------+----------+--------------+---------------+-----------+---------------+----------------+