+---------------+--------------+-------------+--------------+--------------+---------------+--------------+-----------------+----------------+-----------------+
|   Noise Level |   Entropy PU |   Margin PU |   Dropout PU |   Dropout AU |   Variance AU |   Dropout MU |   CV Entropy PU |   CV Margin PU |   CV Dropout PU |
+===============+==============+=============+==============+==============+===============+==============+=================+================+=================+
|          0.00 |      0.86346 |     0.61285 |      1.09809 |      0.93491 |       0.00000 |      0.16318 |        57.86884 |       46.46100 |        38.41985 |
+---------------+--------------+-------------+--------------+--------------+---------------+--------------+-----------------+----------------+-----------------+
|          0.10 |      0.94330 |     0.56657 |      1.16431 |      0.99694 |       0.03507 |      0.16737 |        54.00196 |       52.07444 |        36.22421 |
+---------------+--------------+-------------+--------------+--------------+---------------+--------------+-----------------+----------------+-----------------+
|          0.20 |      1.01298 |     0.52838 |      1.22153 |      1.05001 |       0.04803 |      0.17152 |        50.19040 |       56.14985 |        33.67073 |
+---------------+--------------+-------------+--------------+--------------+---------------+--------------+-----------------+----------------+-----------------+
|          0.30 |      1.08778 |     0.48803 |      1.28435 |      1.10883 |       0.04829 |      0.17552 |        46.03449 |       60.56010 |        31.13242 |
+---------------+--------------+-------------+--------------+--------------+---------------+--------------+-----------------+----------------+-----------------+
|          0.40 |      1.16277 |     0.44230 |      1.34456 |      1.16492 |       0.04242 |      0.17964 |        41.75505 |       65.81185 |        28.20034 |
+---------------+--------------+-------------+--------------+--------------+---------------+--------------+-----------------+----------------+-----------------+
|          0.50 |      1.21462 |     0.41857 |      1.38402 |      1.20277 |       0.03831 |      0.18125 |        39.11208 |       67.68619 |        26.85070 |
+---------------+--------------+-------------+--------------+--------------+---------------+--------------+-----------------+----------------+-----------------+
|          0.60 |      1.28821 |     0.38891 |      1.43978 |      1.25733 |       0.03561 |      0.18245 |        34.08849 |       68.18802 |        23.56255 |
+---------------+--------------+-------------+--------------+--------------+---------------+--------------+-----------------+----------------+-----------------+
|          0.70 |      1.33087 |     0.37161 |      1.47469 |      1.29039 |       0.03651 |      0.18431 |        29.54216 |       66.13192 |        20.22185 |
+---------------+--------------+-------------+--------------+--------------+---------------+--------------+-----------------+----------------+-----------------+
|          0.80 |      1.36864 |     0.36477 |      1.50381 |      1.31843 |       0.03469 |      0.18537 |        24.97108 |       60.57603 |        16.93958 |
+---------------+--------------+-------------+--------------+--------------+---------------+--------------+-----------------+----------------+-----------------+
|          0.90 |      1.38335 |     0.36661 |      1.51305 |      1.32831 |       0.03490 |      0.18474 |        22.22636 |       56.01256 |        15.24283 |
+---------------+--------------+-------------+--------------+--------------+---------------+--------------+-----------------+----------------+-----------------+
|          1.00 |      1.42508 |     0.34982 |      1.54333 |      1.35897 |       0.03598 |      0.18436 |        18.49878 |       53.29509 |        12.69562 |
+---------------+--------------+-------------+--------------+--------------+---------------+--------------+-----------------+----------------+-----------------+