+---------------+--------------+-------------+--------------+--------------+---------------+--------------+-----------------+----------------+-----------------+
|   Noise Level |   Entropy PU |   Margin PU |   Dropout PU |   Dropout AU |   Variance AU |   Dropout MU |   CV Entropy PU |   CV Margin PU |   CV Dropout PU |
+===============+==============+=============+==============+==============+===============+==============+=================+================+=================+
|          0.00 |      1.00052 |     0.53898 |      1.17585 |      1.02852 |       0.00000 |      0.14733 |        40.40516 |       50.34470 |        26.81589 |
+---------------+--------------+-------------+--------------+--------------+---------------+--------------+-----------------+----------------+-----------------+
|          0.10 |      1.09045 |     0.48866 |      1.24525 |      1.09874 |       0.02681 |      0.14651 |        37.88717 |       56.89047 |        25.48317 |
+---------------+--------------+-------------+--------------+--------------+---------------+--------------+-----------------+----------------+-----------------+
|          0.20 |      1.17625 |     0.43937 |      1.31212 |      1.16645 |       0.03378 |      0.14567 |        35.60991 |       63.80353 |        24.20497 |
+---------------+--------------+-------------+--------------+--------------+---------------+--------------+-----------------+----------------+-----------------+
|          0.30 |      1.27312 |     0.37925 |      1.38551 |      1.24179 |       0.02841 |      0.14372 |        31.64871 |       72.44340 |        21.90701 |
+---------------+--------------+-------------+--------------+--------------+---------------+--------------+-----------------+----------------+-----------------+
|          0.40 |      1.36517 |     0.32185 |      1.45837 |      1.31728 |       0.02229 |      0.14109 |        27.86131 |       82.00161 |        19.30730 |
+---------------+--------------+-------------+--------------+--------------+---------------+--------------+-----------------+----------------+-----------------+
|          0.50 |      1.43714 |     0.27372 |      1.51376 |      1.37482 |       0.01792 |      0.13894 |        25.00087 |       92.11057 |        17.68288 |
+---------------+--------------+-------------+--------------+--------------+---------------+--------------+-----------------+----------------+-----------------+
|          0.60 |      1.51198 |     0.22364 |      1.57165 |      1.43595 |       0.01529 |      0.13570 |        21.39389 |      103.51399 |        15.07467 |
+---------------+--------------+-------------+--------------+--------------+---------------+--------------+-----------------+----------------+-----------------+
|          0.70 |      1.58594 |     0.17106 |      1.62878 |      1.49706 |       0.01270 |      0.13171 |        17.52648 |      118.60172 |        12.40471 |
+---------------+--------------+-------------+--------------+--------------+---------------+--------------+-----------------+----------------+-----------------+
|          0.80 |      1.64887 |     0.12355 |      1.67648 |      1.55038 |       0.01173 |      0.12610 |        13.90462 |      137.76030 |        10.00108 |
+---------------+--------------+-------------+--------------+--------------+---------------+--------------+-----------------+----------------+-----------------+
|          0.90 |      1.70207 |     0.08332 |      1.71697 |      1.59486 |       0.01116 |      0.12211 |         9.38892 |      150.19244 |         6.86131 |
+---------------+--------------+-------------+--------------+--------------+---------------+--------------+-----------------+----------------+-----------------+
|          1.00 |      1.74966 |     0.04753 |      1.75357 |      1.63655 |       0.01122 |      0.11702 |         2.57445 |      107.84514 |         2.07519 |
+---------------+--------------+-------------+--------------+--------------+---------------+--------------+-----------------+----------------+-----------------+